396780.000   52.385432077    9.720298791   103.5544        -1.4924        -0.0664         3.9127
396780.100   52.385432046    9.720298535   103.4916        -1.5098        -0.0698         3.8499
396780.200   52.385431859    9.720298334   103.4036        -1.5237        -0.0908         3.7632
396780.300   52.385431848    9.720298143   103.3493        -1.5363        -0.0910         3.7070
396780.400   52.385431975    9.720297999   103.3440        -1.5462        -0.0770         3.7017
396780.500   52.385432181    9.720297844   103.3918        -1.5569        -0.0548         3.7501
396780.600   52.385432199    9.720297681   103.3794        -1.5679        -0.0528         3.7377
396780.700   52.385431972    9.720297347   103.3517        -1.5907        -0.0780         3.7100
396780.800   52.385431652    9.720297201   103.3277        -1.6007        -0.1137         3.6861
396780.900   52.385431414    9.720297115   103.2757        -1.6065        -0.1407         3.6332
396781.000   52.385431186    9.720297003   103.2485        -1.6138        -0.1652         3.6041
396781.100   52.385431043    9.720296708   103.2094        -1.6340        -0.1806         3.5671
396781.200   52.385430852    9.720296714   103.1802        -1.6336        -0.2019         3.5379
396781.300   52.385430763    9.720296513   103.1623        -1.6473        -0.2124         3.5192
396781.400   52.385430505    9.720296281   103.1278        -1.6631        -0.2412         3.4847
396781.500   52.385430537    9.720296148   103.1136        -1.6722        -0.2370         3.4714
396781.600   52.385430521    9.720295921   103.0884        -1.6878        -0.2389         3.4475
396781.700   52.385430215    9.720295784   103.0661        -1.6969        -0.2734         3.4230
396781.800   52.385430031    9.720295596   103.0531        -1.7097        -0.2932         3.4108
396781.900   52.385429982    9.720295529   103.0703        -1.7145        -0.2995         3.4286
396782.000   52.385429903    9.720295414   103.0317        -1.7221        -0.3081         3.3886
396782.100   52.385429851    9.720295270   103.0072        -1.7321        -0.3140         3.3656
396782.200   52.385429795    9.720295131   103.0107        -1.7414        -0.3196         3.3684
396782.300   52.385429797    9.720295198   103.0220        -1.7359        -0.3200         3.3791
396782.400   52.385429783    9.720295146   103.0200        -1.7396        -0.3224         3.3777
396782.500   52.385429694    9.720295108   102.9901        -1.7404        -0.3327         3.3493
396782.600   52.385429906    9.720295057   102.9863        -1.7428        -0.3099         3.3448
396782.700   52.385430153    9.720295074   103.0007        -1.7417        -0.2830         3.3585
396782.800   52.385430071    9.720294965   102.9525        -1.7493        -0.2923         3.3116
396782.900   52.385430050    9.720294997   102.9354        -1.7462        -0.2954         3.2938
396783.000   52.385430111    9.720295055   102.9289        -1.7412        -0.2894         3.2867
396783.100   52.385430092    9.720294931   102.9156        -1.7487        -0.2916         3.2735
396783.200   52.385430038    9.720294803   102.8837        -1.7574        -0.2976         3.2415
396783.300   52.385430264    9.720294746   102.9087        -1.7613        -0.2724         3.2666
396783.400   52.385430483    9.720294702   102.9473        -1.7642        -0.2481         3.3051
396783.500   52.385430406    9.720294565   102.9051        -1.7765        -0.2550         3.2643
396783.600   52.385430100    9.720294330   102.8758        -1.7959        -0.2862         3.2327
396783.700   52.385429853    9.720294241   102.8300        -1.8058        -0.3111         3.1875
396783.800   52.385429783    9.720294338   102.8113        -1.8058        -0.3141         3.1701
396783.900   52.385429589    9.720294510   102.8279        -1.8034        -0.3294         3.1870
396784.000   52.385429461    9.720294796   102.8366        -1.7931        -0.3368         3.1954
396784.100   52.385429167    9.720295200   102.7671        -1.7746        -0.3624         3.1242
396784.200   52.385428995    9.720295340   102.6911        -1.7718        -0.3780         3.0493
396784.300   52.385428776    9.720295498   102.5963        -1.7656        -0.3984         2.9551
396784.400   52.385428792    9.720295708   102.4975        -1.7550        -0.3932         2.8563
396784.500   52.385428753    9.720295889   102.3840        -1.7464        -0.3963         2.7419
396784.600   52.385428515    9.720295941   102.2274        -1.7427        -0.4226         2.5838
396784.700   52.385428108    9.720295812   102.0460        -1.7497        -0.4689         2.4032
396784.800   52.385427743    9.720295758   101.9327        -1.7534        -0.5089         2.2907
396784.900   52.385427477    9.720295882   101.8364        -1.7468        -0.5381         2.1928
396785.000   52.385427153    9.720295969   101.7204        -1.7400        -0.5745         2.0783
396785.100   52.385426873    9.720296117   101.5434        -1.7290        -0.6058         1.9014
396785.200   52.385426841    9.720296234   101.4237        -1.7220        -0.6092         1.7816
396785.300   52.385426517    9.720296221   101.2790        -1.7239        -0.6451         1.6368
396785.400   52.385426326    9.720296055   101.1944        -1.7342        -0.6670         1.5515
396785.500   52.385426027    9.720296190   101.1046        -1.7250        -0.6998         1.4625
396785.600   52.385421798    9.720300208    98.5249        -1.4516        -1.1710        -1.1180
396785.700   52.385422026    9.720300426    98.5148        -1.4367        -1.1449        -1.1273
396785.800   52.385421951    9.720300482    98.4343        -1.4331        -1.1541        -1.2072
396785.900   52.385421764    9.720300672    98.3644        -1.4200        -1.1747        -1.2785
396786.000   52.385421705    9.720300854    98.3412        -1.4076        -1.1806        -1.3009
396786.100   52.385421758    9.720300963    98.2865        -1.4002        -1.1748        -1.3556
396786.200   52.385421703    9.720300978    98.2590        -1.3994        -1.1816        -1.3825
396786.300   52.385421508    9.720301162    98.1379        -1.3866        -1.2032        -1.5050
396786.400   52.385421306    9.720301152    98.0522        -1.3874        -1.2257        -1.5907
396786.500   52.385421020    9.720301026    97.9556        -1.3960        -1.2569        -1.6865
396786.600   52.385420863    9.720301079    97.8918        -1.3923        -1.2750        -1.7511
396786.700   52.385420764    9.720301309    97.8468        -1.3767        -1.2854        -1.7953
396786.800   52.385420803    9.720301592    97.8530        -1.3564        -1.2811        -1.7890
396786.900   52.385420707    9.720301653    97.7616        -1.3533        -1.2917        -1.8806
396787.000   52.385420417    9.720301592    97.6625        -1.3574        -1.3240        -1.9796
396787.100   52.385420508    9.720301744    97.6621        -1.3470        -1.3145        -1.9808
396787.200   52.385420747    9.720301887    97.6857        -1.3375        -1.2880        -1.9558
396787.300   52.385420796    9.720302022    97.7085        -1.3281        -1.2818        -1.9337
396787.400   52.385420972    9.720302235    97.7294        -1.3136        -1.2622        -1.9127
396787.500   52.385421346    9.720302347    97.7704        -1.3060        -1.2205        -1.8717
396787.600   52.385421382    9.720302559    97.7626        -1.2915        -1.2165        -1.8795
396787.700   52.385421227    9.720302597    97.7392        -1.2892        -1.2346        -1.9023
396787.800   52.385421591    9.720302578    97.7840        -1.2903        -1.1934        -1.8581
396787.900   52.385421934    9.720303030    97.7922        -1.2595        -1.1552        -1.8499
396788.000   52.385422015    9.720303055    97.7781        -1.2578        -1.1462        -1.8640
396788.100   52.385421922    9.720302948    97.7759        -1.2651        -1.1571        -1.8670
396788.200   52.385422020    9.720302856    97.8774        -1.2713        -1.1463        -1.7656
396788.300   52.385422105    9.720302776    97.9042        -1.2768        -1.1368        -1.7387
396788.400   52.385421912    9.720302797    97.8787        -1.2753        -1.1576        -1.7635
396788.500   52.385421636    9.720302689    97.8559        -1.2827        -1.1884        -1.7862
396788.600   52.385421358    9.720302591    97.7568        -1.2895        -1.2200        -1.8847
396788.700   52.385421021    9.720302312    97.6898        -1.3084        -1.2574        -1.9532
396788.800   52.385420727    9.720301970    97.6652        -1.3317        -1.2895        -1.9769
396788.900   52.385420869    9.720301839    97.6873        -1.3406        -1.2737        -1.9549
396789.000   52.385421087    9.720302162    97.7335        -1.3188        -1.2502        -1.9080
396789.100   52.385421178    9.720302335    97.7224        -1.3070        -1.2401        -1.9191
396789.200   52.385421137    9.720302446    97.7610        -1.2993        -1.2445        -1.8819
396789.300   52.385420991    9.720302413    97.7590        -1.3015        -1.2607        -1.8839
396789.400   52.385420944    9.720302376    97.7775        -1.3040        -1.2653        -1.8646
396789.500   52.385421021    9.720302037    97.8100        -1.3271        -1.2573        -1.8330
396789.600   52.385420994    9.720301938    97.8348        -1.3339        -1.2597        -1.8074
396789.700   52.385421241    9.720302083    97.8944        -1.3240        -1.2329        -1.7485
396789.800   52.385421085    9.720301965    97.9104        -1.3320        -1.2502        -1.7325
396789.900   52.385420980    9.720302018    97.8957        -1.3284        -1.2620        -1.7472
396790.000   52.385421000    9.720302229    97.9178        -1.3140        -1.2591        -1.7244
396790.100   52.385421181    9.720302258    97.9546        -1.3112        -1.2399        -1.6868
396790.200   52.385420923    9.720302341    97.8848        -1.3045        -1.2692        -1.7587
396790.300   52.385420719    9.720302239    97.8335        -1.3114        -1.2913        -1.8092
396790.400   52.385420661    9.720302194    97.8749        -1.3146        -1.2984        -1.7672
396790.500   52.385420436    9.720302250    97.9091        -1.3108        -1.3236        -1.7330
396790.600   52.385420535    9.720302287    97.9632        -1.3082        -1.3124        -1.6789
396790.700   52.385420813    9.720302580    98.0088        -1.2874        -1.2823        -1.6340
396790.800   52.385420954    9.720303033    98.0466        -1.2565        -1.2666        -1.5962
396790.900   52.385421403    9.720303359    98.1309        -1.2343        -1.2166        -1.5119
396791.000   52.385421777    9.720303634    98.2053        -1.2156        -1.1750        -1.4375
396791.100   52.385422090    9.720303819    98.2797        -1.2030        -1.1402        -1.3631
396791.200   52.385421976    9.720303899    98.2605        -1.1965        -1.1530        -1.3822
396791.300   52.385421989    9.720303927    98.3018        -1.1966        -1.1500        -1.3395
396791.400   52.385421977    9.720304068    98.3352        -1.1926        -1.1478        -1.3064
396791.500   52.385421685    9.720304191    98.3597        -1.1923        -1.1735        -1.2820
396791.600   52.385421490    9.720304436    98.3679        -1.1908        -1.1864        -1.2731
396791.700   52.385421167    9.720304539    98.3852        -1.2041        -1.2094        -1.2582
396791.800   52.385421442    9.720304717    98.4713        -1.2151        -1.1630        -1.1729
396791.900   52.385421944    9.720305150    98.5298        -1.2155        -1.0870        -1.1135
396792.000   52.385422377    9.720305906    98.5934        -1.2016        -1.0158        -1.0487
396792.100   52.385426436    9.720303386   100.9255        -1.4201        -0.5357         1.2855
396792.200   52.385426315    9.720304038   101.0234        -1.4318        -0.5150         1.3822
396792.300   52.385426063    9.720304702   101.0764        -1.4514        -0.5061         1.4333
396792.400   52.385425800    9.720305839   101.1147        -1.4475        -0.4934         1.4722
396792.500   52.385425614    9.720307395   101.1866        -1.4257        -0.4694         1.5437
396792.600   52.385426184    9.720309265   101.3862        -1.3922        -0.3559         1.7451
396792.700   52.385419742    9.720317577    97.5337        -0.9315        -1.0175        -2.1083
396792.800   52.385419716    9.720319560    97.6034        -0.9101        -0.9598        -2.0385
396792.900   52.385419809    9.720321571    97.7146        -0.8962        -0.8855        -1.9287
396793.000   52.385419611    9.720323441    97.7660        -0.9007        -0.8403        -1.8786
396793.100   52.385419100    9.720325514    97.7529        -0.9002        -0.8252        -1.8891
396793.200   52.385418683    9.720327736    97.7966        -0.8939        -0.7970        -1.8460
396793.300   52.385418420    9.720330076    97.8186        -0.8846        -0.7500        -1.8236
396793.400   52.385418051    9.720332376    97.8006        -0.8808        -0.7147        -1.8435
396793.500   52.385421920    9.720333066    99.0343        -0.9854        -0.2072        -0.6123
396793.600   52.385421278    9.720335244    99.0882        -0.9849        -0.2017        -0.5583
396793.700   52.385420313    9.720337263    99.0729        -0.9922        -0.2325        -0.5746
396793.800   52.385419489    9.720339491    99.0911        -0.9821        -0.2460        -0.5561
396793.900   52.385419044    9.720342009    99.1456        -0.9472        -0.2159        -0.4998
396794.000   52.385418959    9.720344760    99.2480        -0.8949        -0.1429        -0.3965
396794.100   52.385418318    9.720347357    99.2171        -0.8486        -0.1270        -0.4239
396794.200   52.385417352    9.720349827    99.1543        -0.8088        -0.1419        -0.4874
396794.300   52.385416521    9.720351846    99.1911        -0.7955        -0.1413        -0.4528
396794.400   52.385415647    9.720353834    99.1900        -0.7815        -0.1450        -0.4528
396794.500   52.385415027    9.720355787    99.2085        -0.7678        -0.1200        -0.4323
396794.600   52.385415132    9.720358139    99.2968        -0.7305        -0.0120        -0.3450
396794.700   52.385414923    9.720360520    99.3414        -0.6895         0.0634        -0.3044
396794.800   52.385414509    9.720362896    99.4130        -0.6444         0.1208        -0.2343
396794.900   52.385413467    9.720364957    99.4050        -0.6188         0.1131        -0.2372
396795.000   52.385412764    9.720366597    99.4726        -0.6182         0.1462        -0.1658
396795.100   52.385412158    9.720368432    99.5442        -0.6059         0.1902        -0.0943
396795.200   52.385411033    9.720370649    99.5212        -0.5677         0.1771        -0.1166
396795.300   52.385409970    9.720373061    99.5176        -0.5129         0.1733        -0.1187
396795.400   52.385409554    9.720375010    99.6753        -0.4866         0.2422         0.0424
396795.500   52.385408651    9.720376374    99.6923        -0.4971         0.2593         0.0648
396795.600   52.385407605    9.720377225    99.7785        -0.5427         0.2638         0.1526
396795.700   52.385406303    9.720378755    99.7506        -0.5377         0.2407         0.1253
396795.800   52.385405165    9.720380393    99.7294        -0.5223         0.2375         0.1076
396795.900   52.385404138    9.720381478    99.8209        -0.5454         0.2488         0.2020
396796.000   52.385402765    9.720382457    99.8048        -0.5754         0.2250         0.1913
396796.100   52.385401082    9.720384004    99.7023        -0.5647         0.1659         0.0924
396796.200   52.385399244    9.720386095    99.5605        -0.5179         0.0878        -0.0484
396796.300   52.385398886    9.720387805    99.7023        -0.4982         0.1757         0.0973
396796.400   52.385398361    9.720389414    99.8045        -0.4861         0.2464         0.2035
396796.500   52.385397057    9.720391224    99.7973        -0.4594         0.2304         0.2003
396796.600   52.385396535    9.720392478    99.9813        -0.4694         0.3013         0.3871
396796.700   52.385395306    9.720393998    99.9685        -0.4648         0.2929         0.3802
396796.800   52.385393668    9.720396039    99.7501        -0.4268         0.2373         0.1665
396796.900   52.385392830    9.720397688    99.7722        -0.4172         0.2707         0.1895
396797.000   52.385392454    9.720399357    99.8986        -0.4080         0.3553         0.3144
396797.100   52.385391625    9.720401349    99.8186        -0.3784         0.3884         0.2375
396797.200   52.385390417    9.720403358    99.6662        -0.3456         0.3822         0.0911
396797.300   52.385389494    9.720404977    99.7793        -0.3361         0.4120         0.2133
396797.400   52.385388424    9.720406589    99.7980        -0.3277         0.4257         0.2395
396797.500   52.385387910    9.720407935    99.8869        -0.3407         0.4990         0.3338
396797.600   52.385387374    9.720409077    99.9986        -0.3721         0.5637         0.4483
396797.700   52.385387395    9.720410173   100.3570        -0.4104         0.6858         0.8091
396797.800   52.385387093    9.720410742   100.6749        -0.4876         0.7709         1.1289
396797.900   52.385385447    9.720412249   100.5611        -0.5033         0.7058         1.0187
396798.000   52.385384232    9.720413706   100.5827        -0.5214         0.6874         1.0426
396798.100   52.385382891    9.720415745   100.4928        -0.5020         0.6532         0.9537
396798.200   52.385382561    9.720417316   100.6608        -0.5136         0.7306         1.1234
396798.300   52.385381417    9.720419068   100.7080        -0.5153         0.7154         1.1726
396798.400   52.385397550    9.720413066   105.8557        -1.0473         2.6193         6.3237
396798.500   52.385396423    9.720415164   105.7913        -1.0259         2.6019         6.2606
396798.600   52.385377731    9.720425142   100.4770        -0.4700         0.6329         0.9492
396798.700   52.385378036    9.720426736   100.8020        -0.4839         0.7756         1.2762
396798.800   52.385354033    9.720428887    97.1862        -0.4615        -1.7927        -2.3391
396798.900   52.385353201    9.720430801    97.1874        -0.4585        -1.7884        -2.3343
396799.000   52.385352170    9.720432582    97.1712        -0.4666        -1.8104        -2.3513
396799.100   52.385376719    9.720432290   101.3590        -0.6183         1.0114         1.8365
396799.200   52.385375987    9.720435276   101.2175        -0.5481         1.0191         1.6971
396799.300   52.385349686    9.720438461    97.1529        -0.4653        -1.8204        -2.3703
396799.400   52.385365159    9.720444307    98.4848        -0.2037        -0.0123        -1.0393
396799.500   52.385373241    9.720443678   100.7787        -0.3843         0.9746         1.2514
396799.600   52.385765564    9.720736711   139.0848        19.4280        44.7183        39.5509
396799.700   52.385370453    9.720447577   100.3722        -0.3971         0.8317         0.8411
396799.800   52.385368859    9.720449408   100.2147        -0.4147         0.7355         0.6841
396799.900   52.385367773    9.720451269   100.1748        -0.4324         0.6935         0.6428
396800.000   52.385366129    9.720453670    99.9467        -0.4147         0.5872         0.4150
396800.100   52.385366684    9.720455416   100.2004        -0.4428         0.7214         0.6634
396800.200   52.385366488    9.720457445   100.1743        -0.4531         0.7684         0.6335
396800.300   52.385342940    9.720459494    97.2306        -0.4625        -1.7864        -2.3153
396800.400   52.385356101    9.720463990    97.9075        -0.3018        -0.2587        -1.6404
396800.500   52.385341606    9.720463761    97.2141        -0.4596        -1.8099        -2.3384
396800.600   52.385341057    9.720465704    97.2396        -0.4690        -1.8104        -2.3155
396800.700   52.385354062    9.720471240    97.9452        -0.2276        -0.3059        -1.6086
396800.800   52.385354069    9.720474123    98.0322        -0.1590        -0.2553        -1.5259
396800.900   52.385361426    9.720473879   100.0503        -0.2905         0.6025         0.4874
396801.000   52.385339541    9.720472796    97.2210        -0.4617        -1.8025        -2.3400
396801.100   52.385354550    9.720478624    98.3443        -0.1445        -0.1060        -1.2181
396801.200   52.385339183    9.720474829    97.2689        -0.4683        -1.7939        -2.2980
396801.300   52.385354559    9.720479584    98.4950        -0.1971        -0.0657        -1.0712
396801.400   52.385354501    9.720480245    98.4126        -0.1914        -0.0564        -1.1556
396801.500   52.385353801    9.720480834    98.3355        -0.1851        -0.1222        -1.2332
396801.600   52.385353455    9.720481331    98.2553        -0.1833        -0.1491        -1.3123
396801.700   52.385353036    9.720482030    98.1525        -0.1677        -0.1865        -1.4172
396801.800   52.385352695    9.720482992    98.0939        -0.1292        -0.2157        -1.4786
396801.900   52.385352624    9.720483838    98.0926        -0.0929        -0.2173        -1.4811
396802.000   52.385347933    9.720485459    98.2321         0.0018        -0.7353        -1.3408
396802.100   52.385347900    9.720485606    98.2364        -0.0007        -0.7338        -1.3367
396802.200   52.385347844    9.720485755    98.2231         0.0009        -0.7367        -1.3513
396802.300   52.385347816    9.720485805    98.2192        -0.0006        -0.7386        -1.3550
396802.400   52.385347813    9.720485820    98.2212        -0.0015        -0.7386        -1.3532
396802.500   52.385347832    9.720485802    98.2275        -0.0018        -0.7360        -1.3460
396802.600   52.385347830    9.720485757    98.2250        -0.0011        -0.7382        -1.3482
396802.700   52.385347857    9.720485678    98.2283        -0.0008        -0.7373        -1.3445
396802.800   52.385347880    9.720485594    98.2284         0.0001        -0.7373        -1.3426
396802.900   52.385347890    9.720485476    98.2392        -0.0000        -0.7379        -1.3317
396803.000   52.385347923    9.720485390    98.2381         0.0010        -0.7364        -1.3336
396803.100   52.385347948    9.720485293    98.2309         0.0011        -0.7365        -1.3411
396803.200   52.385347973    9.720485152    98.2384        -0.0007        -0.7356        -1.3321
396803.300   52.385348000    9.720485062    98.2417        -0.0020        -0.7339        -1.3292
396803.400   52.385348009    9.720485024    98.2306        -0.0006        -0.7334        -1.3398
396803.500   52.385348024    9.720484969    98.2379        -0.0016        -0.7329        -1.3316
396803.600   52.385348021    9.720484930    98.2425        -0.0032        -0.7334        -1.3269
396803.700   52.385348004    9.720484977    98.2367        -0.0010        -0.7352        -1.3328
396803.800   52.385348025    9.720485018    98.2368         0.0016        -0.7342        -1.3329
396803.900   52.385348019    9.720484987    98.2394         0.0007        -0.7342        -1.3308
396804.000   52.385348014    9.720485003    98.2344         0.0018        -0.7348        -1.3358
396804.100   52.385348029    9.720484986    98.2370         0.0024        -0.7342        -1.3324
396804.200   52.385348052    9.720484917    98.2435         0.0008        -0.7311        -1.3262
396804.300   52.385348076    9.720484878    98.2287         0.0020        -0.7305        -1.3408
396804.400   52.385348125    9.720484790    98.2351         0.0007        -0.7277        -1.3348
396804.500   52.385348126    9.720484675    98.2275        -0.0002        -0.7285        -1.3417
396804.600   52.385348156    9.720484560    98.2306        -0.0011        -0.7273        -1.3395
396804.700   52.385348172    9.720484421    98.2319        -0.0031        -0.7287        -1.3370
396804.800   52.385348180    9.720484347    98.2333        -0.0022        -0.7293        -1.3358
396804.900   52.385348206    9.720484325    98.2329        -0.0017        -0.7267        -1.3359
396805.000   52.385348179    9.720484377    98.2270        -0.0013        -0.7288        -1.3399
396805.100   52.385348185    9.720484484    98.2256         0.0004        -0.7264        -1.3439
396805.200   52.385348112    9.720484587    98.2312        -0.0023        -0.7312        -1.3384
396805.300   52.385348066    9.720484825    98.2251        -0.0008        -0.7318        -1.3429
396805.400   52.385348003    9.720485130    98.2415        -0.0016        -0.7327        -1.3261
396805.500   52.385347904    9.720485578    98.2390        -0.0002        -0.7350        -1.3304
396805.600   52.385347792    9.720486112    98.2288        -0.0007        -0.7370        -1.3423
396805.700   52.385352159    9.720483627    97.3084        -0.2129        -0.2392        -2.2643
396805.800   52.385352074    9.720484856    97.2929        -0.1782        -0.2366        -2.2814
396805.900   52.385352530    9.720486469    97.3311        -0.1252        -0.1723        -2.2449
396806.000   52.385338009    9.720482577    97.3091        -0.4559        -1.7741        -2.2689
396806.100   52.385347576    9.720490443    98.2980         0.0075        -0.6969        -1.2821
396806.200   52.385347314    9.720491578    98.2680         0.0054        -0.7134        -1.3130
396806.300   52.385351215    9.720492644    97.1614        -0.0097        -0.2684        -2.4217
396806.400   52.385346749    9.720494094    98.2571        -0.0057        -0.7563        -1.3293
396806.500   52.385350707    9.720496024    97.1747         0.0238        -0.3060        -2.4141
396806.600   52.385351432    9.720498344    97.2722         0.0735        -0.2151        -2.3170
396806.700   52.385351449    9.720499932    97.3362         0.0657        -0.2025        -2.2550
396806.800   52.385350919    9.720501326    97.4267         0.0347        -0.2499        -2.1683
396806.900   52.385346426    9.720502832    98.2919         0.0008        -0.7409        -1.3049
396807.000   52.385351018    9.720505663    97.5879         0.0496        -0.2236        -2.0127
396807.100   52.385351262    9.720508063    97.6529         0.0620        -0.1911        -1.9517
396807.200   52.385346305    9.720509412    98.3218        -0.0014        -0.7397        -1.2876
396807.300   52.385346179    9.720511738    98.3232        -0.0060        -0.7517        -1.2878
396807.400   52.385346189    9.720514137    98.3413        -0.0084        -0.7482        -1.2715
396807.500   52.385346226    9.720516635    98.3577        -0.0027        -0.7395        -1.2587
396807.600   52.385351842    9.720520516    97.8871         0.0993        -0.1080        -1.7330
396807.700   52.385351694    9.720522849    97.9085         0.0999        -0.1211        -1.7168
396807.800   52.385351601    9.720525019    97.8894         0.0918        -0.1315        -1.7396
396807.900   52.385358582    9.720534677    99.6777         0.5987         0.6444         0.0432
396808.000   52.385358585    9.720536826    99.6819         0.5976         0.6448         0.0409
396808.100   52.385358594    9.720538911    99.6896         0.5949         0.6483         0.0479
396808.200   52.385358432    9.720540915    99.6947         0.5911         0.6358         0.0526
396808.300   52.385358376    9.720542897    99.6969         0.5892         0.6364         0.0533
396808.400   52.385351903    9.720536955    98.1001         0.0497        -0.0760        -1.5444
396808.500   52.385351763    9.720539126    98.0699         0.0661        -0.0844        -1.5790
396808.600   52.385351813    9.720541226    98.1034         0.0753        -0.0736        -1.5496
396808.700   52.385347388    9.720560587   101.0921         1.2610        -0.5601         1.4359
396808.800   52.385350390    9.720557007   100.2321         0.8824        -0.2201         0.5725
396808.900   52.385350447    9.720559269   100.2517         0.9006        -0.2069         0.5894
396809.000   52.385350382    9.720560497   100.1196         0.8475        -0.2054         0.4569
396809.100   52.385350300    9.720562177   100.0793         0.8221        -0.2047         0.4166
396809.200   52.385350835    9.720564868   100.2457         0.8637        -0.1364         0.5813
396809.300   52.385351364    9.720567149   100.3175         0.8754        -0.0685         0.6512
396809.400   52.385353182    9.720559206    98.5847         0.1876         0.1431        -1.0824
396809.500   52.385353063    9.720561525    98.5538         0.1959         0.1384        -1.1175
396809.600   52.385351748    9.720573377   100.2253         0.8514         0.0022         0.5526
396809.700   52.385353760    9.720566413    98.6643         0.2239         0.2404        -1.0093
396809.800   52.385352250    9.720577896   100.2745         0.8512         0.0901         0.5985
396809.900   52.385352298    9.720581175   100.4847         0.9189         0.1138         0.8072
396810.000   52.385352091    9.720584150   100.6119         0.9630         0.1091         0.9303
396810.100   52.385351687    9.720587437   100.7120         1.0261         0.0806         1.0267
396810.200   52.385351722    9.720589826   100.7058         1.0263         0.1032         1.0174
396810.300   52.385351922    9.720591413   100.5669         0.9702         0.1484         0.8772
396810.400   52.385351893    9.720593745   100.5636         0.9645         0.1721         0.8709
396810.500   52.385353292    9.720586502    98.9680         0.3080         0.3577        -0.7264
396810.600   52.385352812    9.720588692    98.9588         0.2951         0.3355        -0.7356
396810.700   52.385352512    9.720590987    98.9569         0.2893         0.3335        -0.7390
396810.800   52.385352473    9.720593288    98.9439         0.2840         0.3606        -0.7535
396810.900   52.385352245    9.720595605    98.9590         0.2817         0.3675        -0.7379
396811.000   52.385351737    9.720598179    98.9786         0.2985         0.3430        -0.7229
396811.100   52.385351415    9.720600695    98.9805         0.3112         0.3399        -0.7247
396811.200   52.385353891    9.720606894    99.7544         0.5767         0.6490         0.0486
396811.300   52.385353570    9.720609145    99.7560         0.5727         0.6486         0.0469
396811.400   52.385350557    9.720607990    99.0005         0.3359         0.3481        -0.7126
396811.500   52.385350120    9.720610262    98.9896         0.3332         0.3340        -0.7261
396811.600   52.385349703    9.720612494    98.9549         0.3299         0.3220        -0.7647
396811.700   52.385352285    9.720618320    99.7586         0.5752         0.6450         0.0394
396811.800   52.385351959    9.720620521    99.7640         0.5759         0.6456         0.0441
396811.900   52.385348561    9.720619254    98.9172         0.3418         0.3027        -0.8084
396812.000   52.385348327    9.720621385    98.9541         0.3407         0.3107        -0.7749
396812.100   52.385351045    9.720627045    99.7781         0.5806         0.6461         0.0476
396812.200   52.385347670    9.720625588    98.9176         0.3387         0.3049        -0.8117
396812.300   52.385347190    9.720627590    98.8994         0.3351         0.2894        -0.8300
396812.400   52.385350033    9.720633126    99.7808         0.5707         0.6462         0.0493
396812.500   52.385346341    9.720631582    98.9179         0.3273         0.2750        -0.8176
396812.600   52.385346036    9.720633543    98.8947         0.3240         0.2805        -0.8397
396812.700   52.385345682    9.720635574    98.9260         0.3270         0.2839        -0.8073
396812.800   52.385345290    9.720637728    98.9635         0.3415         0.2848        -0.7674
396812.900   52.385345139    9.720639885    99.0198         0.3560         0.3105        -0.7098
396813.000   52.385347813    9.720644988    99.7738         0.5685         0.6513         0.0424
396813.100   52.385347330    9.720646926    99.7602         0.5659         0.6462         0.0292
396813.200   52.385346827    9.720648833    99.7407         0.5654         0.6396         0.0107
396813.300   52.385346312    9.720650787    99.7343         0.5696         0.6304        -0.0010
396813.400   52.385345839    9.720652604    99.7404         0.5650         0.6211         0.0070
396813.500   52.385345620    9.720654471    99.7532         0.5626         0.6374         0.0213
396813.600   52.385342802    9.720653689    99.1830         0.3801         0.3624        -0.5534
396813.700   52.385344973    9.720658365    99.7625         0.5686         0.6401         0.0248
396813.800   52.385344738    9.720660263    99.7545         0.5692         0.6472         0.0190
396813.900   52.385344542    9.720662123    99.7604         0.5679         0.6564         0.0274
396814.000   52.385344259    9.720663991    99.7651         0.5658         0.6599         0.0330
396814.100   52.385343790    9.720665819    99.7567         0.5594         0.6451         0.0248
396814.200   52.385343405    9.720667699    99.7583         0.5613         0.6437         0.0248
396814.300   52.385340833    9.720667064    99.2328         0.3980         0.4013        -0.4991
396814.400   52.385352327    9.720678156   100.7602         1.0367         1.7286         1.0315
396814.500   52.385342044    9.720672887    99.7711         0.5653         0.6368         0.0423
396814.600   52.385339240    9.720671476    99.1620         0.3590         0.3791        -0.5670
396814.700   52.385350870    9.720683052   100.7438         1.0359         1.7260         1.0120
396814.800   52.385338635    9.720675019    99.2054         0.3790         0.4156        -0.5241
396814.900   52.385340250    9.720679374    99.7663         0.5666         0.6445         0.0368
396815.000   52.385339945    9.720681034    99.7753         0.5704         0.6584         0.0456
396815.100   52.385337316    9.720680199    99.2174         0.4031         0.4134        -0.5098
396815.200   52.385348723    9.720691018   100.7388         1.0303         1.7304         1.0128
396815.300   52.385336610    9.720683132    99.2049         0.3833         0.4321        -0.5190
396815.400   52.385338141    9.720687455    99.7668         0.5639         0.6544         0.0433
396815.500   52.385337710    9.720689216    99.7670         0.5648         0.6592         0.0470
396815.600   52.385346837    9.720697870   100.7383         1.0332         1.7293         1.0218
396815.700   52.385334646    9.720689933    99.0619         0.3656         0.4286        -0.6560
396815.800   52.385334294    9.720691979    99.0985         0.3711         0.4455        -0.6158
396815.900   52.385333674    9.720693943    99.1031         0.3666         0.4323        -0.6139
396816.000   52.385344845    9.720705842   100.7434         1.0361         1.7307         1.0267
396816.100   52.385344321    9.720707953   100.7309         1.0396         1.7280         1.0206
396816.200   52.385332183    9.720700013    99.0758         0.3571         0.4336        -0.6311
396816.300   52.385332177    9.720702059    99.1245         0.3498         0.4961        -0.5730
396816.400   52.385342643    9.720714267   100.7132         1.0309         1.7328         1.0220
396816.500   52.385332259    9.720709594    99.7267         0.5657         0.6502         0.0323
396816.600   52.385331634    9.720711756    99.7204         0.5691         0.6480         0.0233
396816.700   52.385332318    9.720707798   100.6522         0.1555         0.7925         0.9569
396816.800   52.385331768    9.720709693   100.6925         0.1409         0.7999         0.9960
396816.900   52.385331371    9.720711706   100.6419         0.1358         0.8188         0.9409
396817.000   52.385329323    9.720720059    99.7433         0.5625         0.6508         0.0417
396817.100   52.385328874    9.720722079    99.7396         0.5548         0.6608         0.0385
396817.200   52.385338012    9.720731231   100.7357         1.0291         1.7395         1.0349
396817.300   52.385328797    9.720720105   100.5750         0.1232         0.7770         0.8711
396817.400   52.385327112    9.720728867    99.7510         0.5596         0.6523         0.0404
396817.500   52.385327742    9.720725051   100.5859         0.1317         0.7820         0.8824
396817.600   52.385327243    9.720727707   100.5522         0.1509         0.7830         0.8467
396817.700   52.385325518    9.720736119    99.7239         0.5732         0.6551         0.0159
396817.800   52.385324827    9.720738170    99.7301         0.5692         0.6571         0.0244
396817.900   52.385324995    9.720734288   100.5264         0.1625         0.7628         0.8205
396818.000   52.385332897    9.720749033   100.7018         1.0215         1.7296         1.0005
396818.100   52.385322459    9.720744355    99.7166         0.5498         0.6523         0.0186
396818.200   52.385321700    9.720746722    99.7265         0.5539         0.6505         0.0368
396818.300   52.385320940    9.720749140    99.7125         0.5585         0.6446         0.0252
396818.400   52.385320196    9.720751618    99.7033         0.5576         0.6391         0.0121
396818.500   52.385319582    9.720754238    99.7147         0.5568         0.6499         0.0244
396818.600   52.385318895    9.720756943    99.7197         0.5622         0.6535         0.0282
396818.700   52.385318205    9.720759655    99.7184         0.5609         0.6556         0.0255
396818.800   52.385318281    9.720757273   100.5905         0.2018         0.7448         0.8974
396818.900   52.385326370    9.720772262   100.6907         1.0172         1.7272         0.9985
396819.000   52.385316669    9.720763732   100.4724         0.2305         0.7239         0.7732
396819.100   52.385315422    9.720771660    99.7300         0.5638         0.6558         0.0395
396819.200   52.385314681    9.720774780    99.6951         0.5498         0.6548         0.0151
396819.300   52.385313809    9.720778147    99.6827         0.5417         0.6458         0.0005
396819.400   52.385312926    9.720781830    99.7072         0.5574         0.6404         0.0165
396819.500   52.385311973    9.720785494    99.7101         0.5672         0.6400         0.0227
396819.600   52.385313032    9.720784765   100.6431         0.2717         0.8699         0.9690
396819.700   52.385309870    9.720792575    99.6779         0.5462         0.6281         0.0061
396819.800   52.385308866    9.720796560    99.6746         0.5481         0.6208        -0.0019
396819.900   52.385308059    9.720800814    99.6900         0.5606         0.6332         0.0117
396820.000   52.385307169    9.720804960    99.6868         0.5610         0.6366         0.0142
396820.100   52.385306152    9.720809096    99.6545         0.5562         0.6284        -0.0055
396820.200   52.385305267    9.720813501    99.6624         0.5591         0.6383         0.0148
396820.300   52.385304419    9.720818088    99.6773         0.5637         0.6509         0.0356
396820.400   52.385303397    9.720822632    99.6532         0.5588         0.6364         0.0122
396820.500   52.385302527    9.720827385    99.6445         0.5597         0.6338         0.0003
396820.600   52.385301651    9.720832283    99.6381         0.5616         0.6331         0.0013
396820.700   52.385300796    9.720837200    99.6411         0.5607         0.6423         0.0123
396820.800   52.385302461    9.720841737    99.3128         0.5282         0.9389        -0.3121
396820.900   52.385308567    9.720854238   100.6263         1.0276         1.7300         1.0075
396821.000   52.385307661    9.720859553   100.6233         1.0310         1.7382         1.0038
396821.100   52.385299794    9.720858026    99.2853         0.5599         0.9660        -0.3380
396821.200   52.385298757    9.720863373    99.2617         0.5497         0.9479        -0.3621
396821.300   52.385297868    9.720868535    99.2433         0.5227         0.9416        -0.3862
396821.400   52.385304271    9.720881570   100.6284         1.0346         1.7464         0.9947
396821.500   52.385303287    9.720887026   100.6269         1.0308         1.7374         0.9966
396821.600   52.385302469    9.720892497   100.6557         1.0369         1.7534         1.0300
396821.700   52.385301406    9.720897746   100.6313         1.0379         1.7393         1.0074
396821.800   52.385300459    9.720902838   100.6237         1.0361         1.7309         1.0046
396821.900   52.385299632    9.720907786   100.6207         1.0326         1.7260         1.0026
396822.000   52.385289205    9.720905855    99.6382         0.5653         0.6468         0.0195
396822.100   52.385288369    9.720910624    99.6254         0.5574         0.6312         0.0089
396822.200   52.385287776    9.720915477    99.6434         0.5570         0.6440         0.0230
396822.300   52.385287235    9.720920348    99.6672         0.5653         0.6634         0.0410
396822.400   52.385286569    9.720925005    99.6802         0.5719         0.6686         0.0599
396822.500   52.385285760    9.720929350    99.6668         0.5716         0.6577         0.0511
396822.600   52.385285030    9.720933566    99.6617         0.5646         0.6537         0.0471
396822.700   52.385284390    9.720937756    99.6592         0.5594         0.6556         0.0464
396822.800   52.385283678    9.720941940    99.6499         0.5570         0.6501         0.0371
396822.900   52.385283020    9.720946137    99.6504         0.5623         0.6503         0.0391
396823.000   52.385282419    9.720950277    99.6619         0.5690         0.6556         0.0505
396823.100   52.385281702    9.720954204    99.6597         0.5642         0.6473         0.0463
396823.200   52.385281003    9.720958040    99.6503         0.5570         0.6371         0.0328
396823.300   52.385280464    9.720961974    99.6500         0.5608         0.6409         0.0312
396823.400   52.385279868    9.720965811    99.6440         0.5625         0.6381         0.0281
396823.500   52.385279268    9.720969560    99.6420         0.5617         0.6350         0.0250
396823.600   52.385278620    9.720973220    99.6374         0.5569         0.6251         0.0167
396823.700   52.385278093    9.720976927    99.6410         0.5575         0.6267         0.0129
396823.800   52.385277660    9.720980675    99.6619         0.5639         0.6355         0.0329
396823.900   52.385277296    9.720984337    99.6763         0.5650         0.6521         0.0500
396824.000   52.385278016    9.720986299    99.2021         0.4520         0.7880        -0.4293
396824.100   52.385276174    9.720991332    99.6595         0.5519         0.6399         0.0271
396824.200   52.385275767    9.720994947    99.6788         0.5561         0.6512         0.0471
396824.300   52.385276784    9.720996909    99.1047         0.4508         0.8202        -0.5283
396824.400   52.385275771    9.721000495    99.1461         0.4565         0.7647        -0.4895
396824.500   52.385275405    9.721004034    99.1726         0.4568         0.7802        -0.4659
396824.600   52.385275183    9.721007613    99.2284         0.4599         0.8123        -0.4122
396824.700   52.385275356    9.721012160    99.3708         0.5277         0.8883        -0.2707
396824.800   52.385274933    9.721015703    99.3519         0.5301         0.8958        -0.2924
396824.900   52.385272362    9.721019662    99.7017         0.5625         0.6600         0.0528
396825.000   52.385271920    9.721023075    99.7091         0.5610         0.6550         0.0551
396825.100   52.385271511    9.721026516    99.7266         0.5650         0.6536         0.0702
396825.200   52.385271166    9.721029760    99.7232         0.5683         0.6627         0.0657
396825.300   52.385272595    9.721032283    99.3465         0.5370         0.8723        -0.3122
396825.400   52.385271620    9.721034916    99.2697         0.5168         0.8143        -0.3862
396825.500   52.385270471    9.721037521    99.2549         0.4950         0.7351        -0.4020
396825.600   52.385269435    9.721041351    99.7285         0.5577         0.6662         0.0662
396825.700   52.385269008    9.721044304    99.7371         0.5594         0.6611         0.0673
396825.800   52.385267194    9.721046422    99.2624         0.5073         0.4980        -0.4106
396825.900   52.385266360    9.721049326    99.2165         0.5162         0.4461        -0.4515
396826.000   52.385266020    9.721052109    99.2178         0.5241         0.4568        -0.4548
396826.100   52.385267387    9.721055232    99.7244         0.5585         0.6649         0.0528
396826.200   52.385266843    9.721057764    99.7197         0.5552         0.6589         0.0530
396826.300   52.385266527    9.721060262    99.7210         0.5552         0.6690         0.0520
396826.400   52.385266217    9.721062762    99.7226         0.5557         0.6678         0.0508
396826.500   52.385266020    9.721065258    99.7236         0.5533         0.6726         0.0464
396826.600   52.385265849    9.721067795    99.7287         0.5537         0.6826         0.0492
396826.700   52.385262815    9.721070398    99.2318         0.5653         0.3822        -0.4460
396826.800   52.385261989    9.721072650    99.2021         0.5592         0.3321        -0.4777
396826.900   52.385261407    9.721074816    99.1676         0.5490         0.3101        -0.5110
396827.000   52.385261153    9.721077025    99.1837         0.5432         0.3243        -0.4986
396827.100   52.385261033    9.721079289    99.1570         0.5444         0.3492        -0.5269
396827.200   52.385260542    9.721081385    99.1446         0.5331         0.3291        -0.5344
396827.300   52.385263149    9.721083983    99.7151         0.5544         0.6557         0.0382
396827.400   52.385260635    9.721086318    99.1977         0.5603         0.4140        -0.4794
396827.500   52.385260053    9.721088841    99.2267         0.5820         0.3880        -0.4488
396827.600   52.385262247    9.721090657    99.7132         0.5553         0.6690         0.0383
396827.700   52.385261863    9.721092833    99.7098         0.5505         0.6633         0.0317
396827.800   52.385261508    9.721095062    99.7057         0.5505         0.6627         0.0255
396827.900   52.385261023    9.721097241    99.6918         0.5501         0.6489         0.0121
396828.000   52.385260534    9.721099435    99.6921         0.5505         0.6365         0.0166
396828.100   52.385260108    9.721101656    99.6977         0.5533         0.6333         0.0247
396828.200   52.385259759    9.721103913    99.7053         0.5542         0.6353         0.0325
396828.300   52.385259536    9.721106211    99.7147         0.5547         0.6477         0.0397
396828.400   52.385259341    9.721108652    99.7344         0.5649         0.6616         0.0535
396828.500   52.385258993    9.721110938    99.7287         0.5647         0.6591         0.0527
396828.600   52.385258653    9.721113154    99.7243         0.5612         0.6615         0.0539
396828.700   52.385258282    9.721115396    99.7221         0.5585         0.6636         0.0511
396828.800   52.385257790    9.721117654    99.7186         0.5540         0.6529         0.0453
396828.900   52.385257304    9.721119992    99.7162         0.5556         0.6415         0.0440
396829.000   52.385256920    9.721122341    99.7152         0.5585         0.6415         0.0479
396829.100   52.385256519    9.721124649    99.7194         0.5625         0.6379         0.0559
396829.200   52.385256186    9.721126892    99.7288         0.5636         0.6436         0.0664
396829.300   52.385255751    9.721129103    99.7346         0.5632         0.6390         0.0700
396829.400   52.385255469    9.721131357    99.7372         0.5714         0.6482         0.0679
396829.500   52.385255268    9.721133422    99.7482         0.5749         0.6631         0.0805
396829.600   52.385254996    9.721135247    99.7406         0.5724         0.6669         0.0782
396829.700   52.385254622    9.721136883    99.7277         0.5653         0.6575         0.0657
396829.800   52.385254436    9.721138483    99.7310         0.5624         0.6661         0.0704
396829.900   52.385254142    9.721139994    99.7326         0.5615         0.6604         0.0714
396830.000   52.385253885    9.721141441    99.7258         0.5621         0.6580         0.0645
396830.100   52.385253724    9.721142728    99.7281         0.5579         0.6676         0.0684
396830.200   52.385251970    9.721142569    99.5246         0.4575         0.4992        -0.1355
396830.300   52.385253183    9.721145322    99.7338         0.5553         0.6609         0.0733
396830.400   52.385252782    9.721146722    99.7517         0.5640         0.6416         0.0881
396830.500   52.385252541    9.721147936    99.7456         0.5655         0.6369         0.0813
396830.600   52.385252453    9.721149061    99.7402         0.5661         0.6482         0.0736
396830.700   52.385252352    9.721150062    99.7455         0.5650         0.6563         0.0779
396830.800   52.385252214    9.721151019    99.7416         0.5664         0.6585         0.0756
396830.900   52.385252017    9.721151901    99.7340         0.5667         0.6542         0.0708
396831.000   52.385251759    9.721152638    99.7308         0.5611         0.6416         0.0679
396831.100   52.385251690    9.721153353    99.7317         0.5601         0.6480         0.0680
396831.200   52.385248788    9.721151577    99.7466         0.3924         0.3393         0.0833
396831.300   52.385248795    9.721152466    99.8119         0.4069         0.3528         0.1489
396831.400   52.385248214    9.721153191    99.7787         0.4122         0.3012         0.1170
396831.500   52.385248045    9.721154051    99.7293         0.4278         0.2947         0.0681
396831.600   52.385248482    9.721154880    99.7182         0.4420         0.3548         0.0584
396831.700   52.385249294    9.721155950    99.8112         0.4758         0.4564         0.1516
396831.800   52.385250504    9.721156837    99.8560         0.4976         0.6003         0.1993
396831.900   52.385251319    9.721157594    99.8977         0.5114         0.6996         0.2432
396832.000   52.385251855    9.721158222    99.9582         0.5177         0.7684         0.3055
396832.100   52.385252303    9.721159058   100.0576         0.5385         0.8279         0.4038
396832.200   52.385253016    9.721159895   100.1268         0.5581         0.9153         0.4731
396832.300   52.385254088    9.721160819   100.1789         0.5788         1.0443         0.5241
396832.400   52.385254891    9.721161827   100.1954         0.5991         1.1444         0.5411
396832.500   52.385255311    9.721162826   100.2434         0.6139         1.2027         0.5891
396832.600   52.385254962    9.721163707   100.2252         0.6139         1.1776         0.5704
396832.700   52.385254682    9.721164694   100.2157         0.6143         1.1618         0.5603
396832.800   52.385254091    9.721166075   100.2484         0.6334         1.1117         0.5923
396832.900   52.385253582    9.721167448   100.2376         0.6423         1.0728         0.5792
396833.000   52.385253481    9.721168855   100.2635         0.6458         1.0819         0.6021
396833.100   52.385253321    9.721170356   100.2948         0.6463         1.0838         0.6321
396833.200   52.385271608    9.721186288   101.9842         1.6193         3.1397         2.3205
396833.300   52.385271432    9.721188096   101.9770         1.6187         3.1430         2.3133
396833.400   52.385271171    9.721190085   101.9798         1.6197         3.1386         2.3136
396833.500   52.385251369    9.721177864   100.2591         0.6413         0.9609         0.5906
396833.600   52.385251138    9.721180161   100.3034         0.6402         0.9611         0.6326
396833.700   52.385250181    9.721182361   100.2625         0.6251         0.8794         0.5892
396833.800   52.385249729    9.721184445   100.1703         0.5969         0.8534         0.4958
396833.900   52.385249478    9.721186643   100.0894         0.5775         0.8491         0.4131
396834.000   52.385249416    9.721189080   100.0155         0.5742         0.8639         0.3364
396834.100   52.385249443    9.721191320    99.9323         0.5584         0.8889         0.2513
396834.200   52.385249125    9.721193364    99.8224         0.5309         0.8767         0.1362
396834.300   52.385251536    9.721192284   101.2902         0.2921         1.1661         1.6018
396834.400   52.385251482    9.721194885   101.2365         0.2995         1.1824         1.5509
396834.500   52.385251251    9.721197592   101.1277         0.3071         1.1800         1.4444
396834.600   52.385246339    9.721203984    99.7578         0.5533         0.6584         0.0704
396834.700   52.385251236    9.721203488   101.0123         0.3206         1.2300         1.3221
396834.800   52.385250617    9.721206565   100.9182         0.3275         1.1893         1.2227
396834.900   52.385245599    9.721213087    99.7560         0.5638         0.6596         0.0560
396835.000   52.385249112    9.721212100   100.8706         0.2850         1.0816         1.1682
396835.100   52.385248852    9.721215165   100.8782         0.2752         1.0846         1.1725
396835.200   52.385244702    9.721222673    99.7644         0.5578         0.6585         0.0590
396835.300   52.385244394    9.721226158    99.7635         0.5556         0.6623         0.0604
396835.400   52.385247629    9.721225604   100.7366         0.2671         1.0632         1.0297
396835.500   52.385246921    9.721229339   100.6759         0.2622         1.0272         0.9714
396835.600   52.385246670    9.721233468   100.6395         0.2745         1.0411         0.9306
396835.700   52.385242774    9.721241728    99.7593         0.5600         0.6497         0.0457
396835.800   52.385242440    9.721245946    99.7712         0.5641         0.6534         0.0627
396835.900   52.385242103    9.721250141    99.7696         0.5595         0.6581         0.0576
396836.000   52.385241790    9.721254517    99.7637         0.5566         0.6690         0.0581
396836.100   52.385241390    9.721259030    99.7626         0.5565         0.6774         0.0579
396836.200   52.385240735    9.721263620    99.7639         0.5585         0.6589         0.0526
396836.300   52.385240076    9.721268218    99.7522         0.5573         0.6396         0.0410
396836.400   52.385239580    9.721272838    99.7471         0.5520         0.6377         0.0302
396836.500   52.385239225    9.721277616    99.7579         0.5558         0.6502         0.0299
396836.600   52.385238812    9.721282408    99.7693         0.5538         0.6562         0.0366
396836.700   52.385238398    9.721287288    99.7862         0.5519         0.6648         0.0505
396836.800   52.385245922    9.721288020   100.6005         0.2660         1.5598         0.8607
396836.900   52.385245039    9.721293178   100.6542         0.2750         1.5195         0.9152
396837.000   52.385236656    9.721302295    99.8103         0.5550         0.6476         0.0711
396837.100   52.385236106    9.721307256    99.8100         0.5549         0.6526         0.0703
396837.200   52.385235578    9.721312294    99.8132         0.5578         0.6621         0.0765
396837.300   52.385234960    9.721317419    99.8081         0.5598         0.6636         0.0752
396837.400   52.385234221    9.721322633    99.8047         0.5613         0.6536         0.0630
396837.500   52.385233494    9.721327827    99.8299         0.5639         0.6421         0.0814
396837.600   52.385232949    9.721332876    99.8365         0.5597         0.6500         0.0893
396837.700   52.385232354    9.721337885    99.8169         0.5533         0.6518         0.0654
396837.800   52.385236021    9.721341862    99.4135         0.4753         1.1305        -0.3458
396837.900   52.385253463    9.721363604   102.0642         1.6020         3.1478         2.3029
396838.000   52.385252760    9.721368922   102.0646         1.6063         3.1504         2.2978
396838.100   52.385233536    9.721358477    99.3934         0.5365         1.0942        -0.3678
396838.200   52.385233551    9.721364147    99.4347         0.5632         1.1804        -0.3210
396838.300   52.385232741    9.721369796    99.4711         0.5831         1.1745        -0.2877
396838.400   52.385232212    9.721375475    99.4968         0.5987         1.1977        -0.2646
396838.500   52.385232197    9.721381153    99.5662         0.6144         1.2795        -0.1976
396838.600   52.385225967    9.721385651    99.8465         0.5504         0.6733         0.0800
396838.700   52.385225260    9.721391143    99.8561         0.5521         0.6826         0.0862
396838.800   52.385228805    9.721397440    99.5502         0.6085         1.1670        -0.2209
396838.900   52.385223361    9.721402078    99.8361         0.5533         0.6512         0.0626
396839.000   52.385222520    9.721407501    99.8292         0.5509         0.6473         0.0497
396839.100   52.385221736    9.721412991    99.8489         0.5522         0.6490         0.0603
396839.200   52.385220896    9.721418463    99.8536         0.5494         0.6457         0.0649
396839.300   52.385220141    9.721423993    99.8579         0.5508         0.6538         0.0701
396839.400   52.385219377    9.721429600    99.8603         0.5542         0.6669         0.0639
396839.500   52.385218521    9.721435168    99.8606         0.5531         0.6709         0.0647
396839.600   52.385217748    9.721440852    99.8663         0.5565         0.6837         0.0725
396839.700   52.385216784    9.721446484    99.8728         0.5550         0.6765         0.0776
396839.800   52.385215849    9.721452117    99.8709         0.5514         0.6739         0.0771
396839.900   52.385214988    9.721457819    99.8787         0.5486         0.6824         0.0790
396840.000   52.385213957    9.721463520    99.8755         0.5447         0.6728         0.0706
396840.100   52.385212905    9.721469225    99.8636         0.5428         0.6633         0.0604
396840.200   52.385211741    9.721475000    99.8473         0.5428         0.6431         0.0457
396840.300   52.385210750    9.721480896    99.8444         0.5460         0.6415         0.0437
396840.400   52.385209868    9.721486774    99.8605         0.5446         0.6507         0.0616
396840.500   52.385209052    9.721492693    99.8687         0.5470         0.6654         0.0693
396840.600   52.385208239    9.721498667    99.8790         0.5508         0.6844         0.0786
396840.700   52.385207202    9.721504572    99.8685         0.5486         0.6838         0.0654
396840.800   52.385206028    9.721510442    99.8564         0.5480         0.6675         0.0512
396840.900   52.385204947    9.721516326    99.8650         0.5471         0.6625         0.0618
396841.000   52.385204019    9.721522154    99.8794         0.5472         0.6762         0.0833
396841.100   52.385202930    9.721527858    99.8752         0.5450         0.6726         0.0756
396841.200   52.385201836    9.721533618    99.8829         0.5401         0.6613         0.0752
396841.300   52.385200966    9.721539493    99.8771         0.5433         0.6632         0.0729
396841.400   52.385200191    9.721545182    99.8754         0.5481         0.6695         0.0756
396841.500   52.385199440    9.721550638    99.8590         0.5508         0.6742         0.0619
396841.600   52.385198768    9.721555919    99.8682         0.5449         0.6839         0.0666
396841.700   52.385198015    9.721561264    99.8631         0.5379         0.6860         0.0622
396841.800   52.385197170    9.721566741    99.8618         0.5337         0.6875         0.0656
396841.900   52.385196244    9.721572302    99.8471         0.5393         0.6843         0.0509
396842.000   52.385195245    9.721577777    99.8185         0.5493         0.6680         0.0352
396842.100   52.385194379    9.721583056    99.8058         0.5506         0.6612         0.0317
396842.200   52.385193661    9.721588405    99.7979         0.5531         0.6688         0.0157
396842.300   52.385192947    9.721593774    99.8197         0.5578         0.6727         0.0363
396842.400   52.385192241    9.721598930    99.8253         0.5613         0.6741         0.0447
396842.500   52.385191542    9.721603817    99.8245         0.5551         0.6730         0.0467
396842.600   52.385190897    9.721608666    99.8078         0.5497         0.6768         0.0388
396842.700   52.385190133    9.721613569    99.7898         0.5477         0.6719         0.0271
396842.800   52.385189315    9.721618541    99.7801         0.5507         0.6618         0.0233
396842.900   52.385188573    9.721623496    99.7791         0.5514         0.6596         0.0272
396843.000   52.385187885    9.721628367    99.7696         0.5457         0.6620         0.0188
396843.100   52.385187149    9.721633263    99.7646         0.5425         0.6569         0.0139
396843.200   52.385186406    9.721638191    99.7694         0.5422         0.6543         0.0252
396843.300   52.385185662    9.721643151    99.7545         0.5421         0.6529         0.0094
396843.400   52.385185025    9.721648091    99.7570         0.5427         0.6640         0.0107
396843.500   52.385189504    9.721655275   100.0502         0.6989         1.2437         0.3043
396843.600   52.385183611    9.721657915    99.7623         0.5477         0.6666         0.0139
396843.700   52.385188199    9.721664997   100.0977         0.6974         1.2523         0.3469
396843.800   52.385187679    9.721669869   100.1001         0.6940         1.2643         0.3460
396843.900   52.385187229    9.721674932   100.1492         0.7079         1.2864         0.3925
396844.000   52.385186476    9.721679752   100.1503         0.7108         1.2766         0.3984
396844.100   52.385180426    9.721682161    99.7940         0.5504         0.6789         0.0408
396844.200   52.385179634    9.721686906    99.7818         0.5506         0.6667         0.0231
396844.300   52.385179031    9.721691599    99.7824         0.5528         0.6744         0.0217
396844.400   52.385178202    9.721696291    99.8173         0.5595         0.6540         0.0555
396844.500   52.385177523    9.721700803    99.8195         0.5583         0.6495         0.0533
396844.600   52.385176936    9.721705280    99.8010         0.5548         0.6544         0.0377
396844.700   52.385181303    9.721711740   100.0141         0.6858         1.2105         0.2484
396844.800   52.385181137    9.721716424   100.0332         0.6970         1.2615         0.2631
396844.900   52.385180600    9.721720930   100.0310         0.6948         1.2724         0.2609
396845.000   52.385174557    9.721723366    99.8042         0.5470         0.6731         0.0344
396845.100   52.385173809    9.721728023    99.8107         0.5467         0.6634         0.0373
396845.200   52.385173143    9.721732800    99.8056         0.5508         0.6617         0.0244
396845.300   52.385172495    9.721737550    99.8207         0.5523         0.6606         0.0378
396845.400   52.385171795    9.721742373    99.8118         0.5566         0.6555         0.0308
396845.500   52.385171153    9.721747122    99.7895         0.5527         0.6596         0.0047
396845.600   52.385170577    9.721752042    99.8077         0.5532         0.6722         0.0219
396845.700   52.385170134    9.721756997    99.8175         0.5501         0.6995         0.0307
396845.800   52.385169338    9.721762030    99.8178         0.5490         0.6865         0.0309
396845.900   52.385168529    9.721767199    99.7937         0.5520         0.6726         0.0075
396846.000   52.385167693    9.721772387    99.7986         0.5507         0.6601         0.0058
396846.100   52.385166909    9.721777713    99.8067         0.5512         0.6521         0.0084
396846.200   52.385166347    9.721783123    99.8173         0.5501         0.6673         0.0146
396846.300   52.385165768    9.721788563    99.8129         0.5503         0.6804         0.0036
396846.400   52.385165062    9.721794097    99.8360         0.5557         0.6775         0.0290
396846.500   52.385164407    9.721799581    99.8113         0.5545         0.6800         0.0068
396846.600   52.385163797    9.721805072    99.8091         0.5568         0.6881        -0.0010
396846.700   52.385163040    9.721810480    99.8273         0.5561         0.6793         0.0133
396846.800   52.385162278    9.721815856    99.8622         0.5552         0.6661         0.0513
396846.900   52.385161659    9.721821183    99.8564         0.5539         0.6664         0.0464
396847.000   52.385161063    9.721826458    99.8333         0.5539         0.6710         0.0178
396847.100   52.385160423    9.721831736    99.8451         0.5564         0.6690         0.0293
396847.200   52.385159874    9.721836893    99.8638         0.5542         0.6754         0.0415
396847.300   52.385159264    9.721842084    99.8498         0.5552         0.6738         0.0294
396847.400   52.385158718    9.721847187    99.8719         0.5531         0.6811         0.0584
396847.500   52.385158138    9.721852307    99.8677         0.5534         0.6830         0.0460
396847.600   52.385157528    9.721857464    99.8871         0.5571         0.6813         0.0586
396847.700   52.385156935    9.721862603    99.8699         0.5605         0.6795         0.0424
396847.800   52.385156329    9.721867626    99.8711         0.5545         0.6770         0.0403
396847.900   52.385155765    9.721872741    99.8858         0.5499         0.6781         0.0487
396848.000   52.385155078    9.721878023    99.8787         0.5542         0.6676         0.0425
396848.100   52.385154451    9.721883251    99.8640         0.5514         0.6649         0.0241
396848.200   52.385153878    9.721888585    99.8638         0.5576         0.6714         0.0165
396848.300   52.385153299    9.721893922    99.8675         0.5577         0.6771         0.0242
396848.400   52.385152688    9.721899462    99.8788         0.5656         0.6810         0.0319
396848.500   52.385152066    9.721904896    99.8870         0.5655         0.6835         0.0342
396848.600   52.385151367    9.721910181    99.8842         0.5567         0.6753         0.0282
396848.700   52.385150687    9.721915635    99.8861         0.5602         0.6677         0.0269
396848.800   52.385150125    9.721920988    99.8911         0.5573         0.6745         0.0352
396848.900   52.385149587    9.721926203    99.9082         0.5459         0.6847         0.0488
396849.000   52.385148855    9.721931552    99.8688         0.5473         0.6727         0.0077
396849.100   52.385148244    9.721936878    99.9066         0.5497         0.6726         0.0475
396849.200   52.385147774    9.721942097    99.9280         0.5527         0.6877         0.0624
396849.300   52.385147079    9.721947305    99.8987         0.5598         0.6789         0.0295
396849.400   52.385146485    9.721952306    99.9108         0.5523         0.6815         0.0430
396849.500   52.385145819    9.721957363    99.8985         0.5524         0.6775         0.0284
396849.600   52.385145104    9.721962312    99.8861         0.5442         0.6684         0.0122
396849.700   52.385144573    9.721967414    99.9252         0.5486         0.6773         0.0532
396849.800   52.385143998    9.721972366    99.9330         0.5470         0.6817         0.0613
396849.900   52.385143327    9.721977288    99.9142         0.5453         0.6752         0.0430
396850.000   52.385142703    9.721982185    99.9158         0.5428         0.6729         0.0359
396850.100   52.385142115    9.721987105    99.9199         0.5405         0.6744         0.0338
396850.200   52.385141457    9.721991986    99.9247         0.5379         0.6689         0.0408
396850.300   52.385140834    9.721996855    99.9152         0.5322         0.6683         0.0275
396850.400   52.385140099    9.722001842    99.8966         0.5312         0.6571        -0.0001
396850.500   52.385139510    9.722006898    99.9157         0.5365         0.6616         0.0131
396850.600   52.385138919    9.722011902    99.9349         0.5361         0.6657         0.0290
396850.700   52.385138287    9.722017003    99.9411         0.5389         0.6641         0.0326
396850.800   52.385137761    9.722022083    99.9616         0.5377         0.6739         0.0460
396850.900   52.385137210    9.722027267    99.9589         0.5445         0.6849         0.0317
396851.000   52.385136545    9.722032395    99.9732         0.5445         0.6836         0.0456
396851.100   52.385135906    9.722037524    99.9796         0.5331         0.6861         0.0546
396851.200   52.385135121    9.722042804    99.9680         0.5371         0.6730         0.0263
396851.300   52.385134480    9.722048030    99.9835         0.5398         0.6741         0.0301
396851.400   52.385133856    9.722053241    99.9811         0.5405         0.6733         0.0290
396851.500   52.385133290    9.722058369    99.9945         0.5384         0.6790         0.0362
396851.600   52.385132669    9.722063390    99.9866         0.5317         0.6753         0.0221
396851.700   52.385132162    9.722068417    99.9965         0.5303         0.6850         0.0278
396851.800   52.385131524    9.722073393    99.9913         0.5291         0.6796         0.0125
396851.900   52.385130976    9.722078321   100.0023         0.5302         0.6856         0.0198
396852.000   52.385130420    9.722083116   100.0109         0.5299         0.6907         0.0285
396852.100   52.385129747    9.722087885   100.0062         0.5273         0.6799         0.0250
396852.200   52.385129191    9.722092682   100.0051         0.5270         0.6786         0.0176
396852.300   52.385128742    9.722097485   100.0167         0.5273         0.6901         0.0222
396852.400   52.385128164    9.722102194   100.0262         0.5246         0.6887         0.0325
396852.500   52.385127625    9.722106914   100.0255         0.5268         0.6936         0.0348
396852.600   52.385126991    9.722111592   100.0120         0.5284         0.6876         0.0209
396852.700   52.385126415    9.722116236   100.0191         0.5247         0.6870         0.0258
396852.800   52.385125767    9.722120910   100.0222         0.5228         0.6763         0.0269
396852.900   52.385125207    9.722125638   100.0173         0.5253         0.6751         0.0216
396853.000   52.385124691    9.722130336   100.0259         0.5275         0.6788         0.0337
396853.100   52.385124225    9.722135001   100.0439         0.5287         0.6877         0.0516
396853.200   52.385123652    9.722139612   100.0284         0.5269         0.6835         0.0381
396853.300   52.385123080    9.722144233   100.0113         0.5241         0.6759         0.0246
396853.400   52.385122527    9.722148873    99.9926         0.5234         0.6688         0.0094
396853.500   52.385122126    9.722153554    99.9849         0.5232         0.6762         0.0046
396853.600   52.385121864    9.722158324   100.0131         0.5309         0.6924         0.0293
396853.700   52.385121468    9.722162980   100.0051         0.5337         0.6867         0.0195
396853.800   52.385121067    9.722167497    99.9930         0.5261         0.6746         0.0076
396853.900   52.385120919    9.722172095   100.0036         0.5234         0.6871         0.0186
396854.000   52.385120790    9.722176740   100.0193         0.5307         0.6975         0.0329
396854.100   52.385120581    9.722181228   100.0144         0.5276         0.6963         0.0300
396854.200   52.385120325    9.722185772   100.0075         0.5224         0.6841         0.0256
396854.300   52.385120243    9.722190386   100.0059         0.5210         0.6840         0.0171
396854.400   52.385120233    9.722195024    99.9983         0.5234         0.6850         0.0104
396854.500   52.385120275    9.722199557    99.9998         0.5249         0.6827         0.0198
396854.600   52.385120375    9.722204108    99.9994         0.5294         0.6785         0.0186
396854.700   52.385120564    9.722208625    99.9921         0.5293         0.6757         0.0120
396854.800   52.385120887    9.722213109    99.9956         0.5284         0.6803         0.0119
396854.900   52.385121252    9.722217557    99.9992         0.5298         0.6833         0.0166
396855.000   52.385121727    9.722221903    99.9993         0.5268         0.6900         0.0209
396855.100   52.385122214    9.722226272    99.9913         0.5234         0.6879         0.0132
396855.200   52.385122804    9.722230644   100.0009         0.5211         0.6868         0.0200
396855.300   52.385123442    9.722235091   100.0014         0.5292         0.6800         0.0211
396855.400   52.385124207    9.722239276    99.9865         0.5270         0.6738         0.0134
396855.500   52.385125298    9.722243422    99.9928         0.5273         0.6945         0.0241
396855.600   52.385126286    9.722247501    99.9930         0.5250         0.6935         0.0264
396855.700   52.385127367    9.722251545    99.9983         0.5258         0.6939         0.0282
396855.800   52.385128421    9.722255551    99.9920         0.5302         0.6872         0.0202
396855.900   52.385129681    9.722259470   100.0122         0.5359         0.6992         0.0433
396856.000   52.385130806    9.722263252   100.0124         0.5363         0.6903         0.0483
396856.100   52.385131929    9.722266987   100.0066         0.5354         0.6737         0.0481
396856.200   52.385133267    9.722270634    99.9977         0.5331         0.6726         0.0386
396856.300   52.385134684    9.722274186    99.9877         0.5322         0.6751         0.0332
396856.400   52.385136228    9.722277672    99.9919         0.5295         0.6879         0.0413
396856.500   52.385137683    9.722281162    99.9774         0.5336         0.6859         0.0294
396856.600   52.385143804    9.722287132   100.3575         0.7153         1.1934         0.4120
396856.700   52.385145237    9.722290315   100.4080         0.7169         1.1678         0.4562
396856.800   52.385146453    9.722293600   100.4293         0.7351         1.1100         0.4734
396856.900   52.385144544    9.722293518    99.9897         0.5306         0.7019         0.0331
396857.000   52.385146185    9.722296245    99.9534         0.5250         0.6881        -0.0008
396857.100   52.385147923    9.722298918    99.9297         0.5186         0.6791        -0.0175
396857.200   52.385149720    9.722301642    99.9376         0.5198         0.6723        -0.0106
396857.300   52.385151488    9.722304182    99.9363         0.5181         0.6582        -0.0122
396857.400   52.385153286    9.722306719    99.9242         0.5232         0.6441        -0.0185
396857.500   52.385155179    9.722309125    99.9374         0.5254         0.6388        -0.0017
396857.600   52.385160463    9.722313549   100.1287         0.6714         1.0051         0.1924
396857.700   52.385159133    9.722313541    99.9501         0.5239         0.6288         0.0169
396857.800   52.385162773    9.722317079    99.9962         0.6267         0.7981         0.0591
396857.900   52.385164139    9.722318540    99.9309         0.5974         0.7119        -0.0057
396858.000   52.385166040    9.722320619    99.9188         0.6134         0.6857        -0.0177
396858.100   52.385168319    9.722322567    99.9357         0.6250         0.7010         0.0035
396858.200   52.385168996    9.722322298    99.8683         0.4884         0.5370        -0.0587
396858.300   52.385174982    9.722326046   100.0151         0.6302         0.9593         0.0890
396858.400   52.385176532    9.722327493    99.8737         0.6249         0.8827        -0.0523
396858.500   52.385178293    9.722328587    99.7808         0.6068         0.8266        -0.1492
396858.600   52.385178881    9.722329198    99.6611         0.5643         0.6403        -0.2669
396858.700   52.385181447    9.722329857    99.9707         0.5241         0.6773         0.0487
396858.800   52.385183688    9.722331136    99.9343         0.5225         0.6802         0.0166
396858.900   52.385185696    9.722332275    99.9176         0.5143         0.6519        -0.0017
396859.000   52.385188090    9.722333575    99.9071         0.5216         0.6577        -0.0110
396859.100   52.385190198    9.722334739    99.8705         0.5251         0.6297        -0.0421
396859.200   52.385192958    9.722335799    99.9048         0.5306         0.6726        -0.0038
396859.300   52.385195306    9.722336849    99.9212         0.5403         0.6636         0.0101
396859.400   52.385197895    9.722337590    99.9544         0.5315         0.6770         0.0492
396859.500   52.385200995    9.722338899   100.0263         0.5661         0.7421         0.1248
396859.600   52.385205088    9.722340251   100.0848         0.6102         0.9145         0.1766
396859.700   52.385207907    9.722341156   100.1605         0.6283         0.9457         0.2540
396859.800   52.385209194    9.722341059   100.0642         0.5807         0.8032         0.1595
396859.900   52.385210720    9.722340903    99.9613         0.5376         0.6857         0.0519
396860.000   52.385213528    9.722341251    99.9942         0.5360         0.7132         0.0836
